
    72649 MPX Chanhassen Observations at 12Z 05 Mar 2017

-----------------------------------------------------------------------------
   PRES   HGHT   TEMP   DWPT   RELH   MIXR   DRCT   SKNT   THTA   THTE   THTV
    hPa     m      C      C      %    g/kg    deg   knot     K      K      K 
-----------------------------------------------------------------------------
 1000.0    100                                                               
  977.0    287    4.6    0.7     76   4.14    145      4  279.6  291.2  280.3
  975.0    304    4.8   -1.2     65   3.61    147      6  280.0  290.2  280.6
  963.0    406    5.4   -0.6     65   3.82    156     15  281.6  292.4  282.2
  939.4    610    5.2    0.1     70   4.14    175     33  283.4  295.2  284.1
  938.0    623    5.2    0.2     70   4.16    178     34  283.5  295.4  284.2
  925.0    738    6.8    1.8     70   4.73    205     44  286.3  299.9  287.1
  922.0    765    7.0    2.0     70   4.82    208     45  286.7  300.6  287.6
  905.5    914    7.8    4.5     80   5.88    225     48  289.0  305.9  290.0
  905.0    918    7.8    4.6     80   5.91    225     48  289.1  306.1  290.1
  875.0   1196    6.8    4.8     87   6.20    234     40  290.8  308.8  291.9
  872.6   1219    6.9    4.4     84   6.05    235     39  291.2  308.8  292.2
  861.0   1329    7.4    2.6     72   5.39    243     33  292.8  308.6  293.8
  850.0   1435    8.8   -1.2     49   4.14    250     28  295.4  307.8  296.1
  840.9   1524    9.8   -5.2     34   3.11    250     26  297.3  306.9  297.9
  839.0   1543   10.0   -6.0     32   2.92    249     26  297.7  306.8  298.2
  810.4   1829    7.6   -6.7     36   2.87    230     30  298.1  307.0  298.6
  790.0   2039    5.8   -7.2     39   2.83    227     31  298.4  307.2  298.9
  780.8   2134    5.4   -8.5     36   2.59    225     32  298.9  307.0  299.4
  769.0   2259    4.8  -10.2     33   2.30    231     33  299.6  306.9  300.0
  761.0   2344    4.6  -16.4     20   1.40    235     33  300.3  304.9  300.6
  752.2   2438    4.0  -17.8     19   1.26    240     34  300.6  304.8  300.9
  724.3   2743    2.0  -22.3     15   0.89    240     33  301.8  304.8  301.9
  707.0   2938    0.8  -25.2     12   0.70    244     29  302.5  304.9  302.6
  700.0   3018    0.0  -25.0     13   0.72    245     28  302.4  304.9  302.6
  670.9   3353   -2.9  -26.4     14   0.66    245     27  302.9  305.2  303.0
  645.4   3658   -5.5  -27.7     16   0.61    245     32  303.3  305.4  303.4
  623.0   3936   -7.9  -28.9     17   0.57    250     34  303.6  305.6  303.8
  596.9   4267  -10.7  -25.2     29   0.83    255     36  304.1  307.0  304.3
  595.0   4291  -10.9  -24.9     31   0.86    255     36  304.2  307.1  304.3
  585.0   4421  -11.9  -26.9     28   0.73    258     36  304.5  307.0  304.6
  573.5   4572  -13.3  -26.7     32   0.76    260     36  304.6  307.2  304.8
  557.0   4793  -15.3  -26.3     38   0.81    256     36  304.8  307.5  304.9
  551.0   4875  -15.7  -32.7     22   0.45    255     36  305.2  306.8  305.3
  550.9   4877  -15.7  -32.8     22   0.44    255     36  305.2  306.8  305.3
  528.8   5182  -17.6  -45.7      7   0.12    240     40  306.5  307.0  306.5
  507.7   5486  -19.6  -58.5      2   0.03    255     44  307.8  307.9  307.8
  500.0   5600  -20.3  -63.3      1   0.02    255     44  308.2  308.3  308.2
  497.0   5645  -20.5  -63.5      1   0.02    255     44  308.5  308.6  308.5
  468.0   6087  -24.5  -58.5      3   0.03    255     49  308.9  309.0  308.9
  467.4   6096  -24.6  -57.1      3   0.04    255     49  308.9  309.0  308.9
  460.0   6212  -25.7  -39.7     26   0.27    255     50  308.9  309.9  309.0
  450.0   6371  -27.3  -38.3     34   0.31    255     52  308.9  310.0  308.9
  438.0   6565  -28.5  -32.4     69   0.58    255     54  309.7  311.8  309.8
  406.0   7105  -32.9  -37.0     67   0.40    255     59  310.8  312.3  310.9
  403.0   7157  -33.1  -38.1     61   0.36    255     59  311.2  312.5  311.3
  400.0   7210  -32.7  -43.7     33   0.20    255     60  312.4  313.2  312.4
  398.0   7245  -32.7  -48.7     19   0.12    256     61  312.9  313.3  312.9
  391.0   7370  -33.5  -65.5      3   0.01    259     63  313.4  313.5  313.4
  378.0   7607  -34.5  -73.5      1   0.00    265     67  315.1  315.1  315.1
  377.2   7620  -34.6  -73.5      1   0.00    265     67  315.2  315.2  315.2
  329.9   8534  -41.6  -71.7      2   0.01    265     83  317.9  317.9  317.9
  301.6   9144  -46.2  -70.6      5   0.01    265     84  319.6  319.6  319.6
  300.0   9180  -46.5  -70.5      5   0.01    265     84  319.7  319.8  319.7
  280.0   9636  -50.3  -77.3      3   0.00    267     88  320.6  320.6  320.6
  250.0  10370  -55.7  -75.7      7   0.01    270     94  323.1  323.1  323.1
  200.0  11760  -65.9  -80.9     11   0.00    280    102  328.2  328.3  328.2
  195.8  11887  -66.7  -81.2     11   0.00    280    104  328.9  328.9  328.9
  195.0  11913  -66.9  -81.3     12   0.00    280    104  329.1  329.1  329.1
  192.0  12007  -67.5  -81.5     12   0.00    280    102  329.5  329.6  329.5
  186.2  12192  -66.3  -80.3     12   0.00    275     87  334.3  334.3  334.3
  183.0  12297  -65.7  -79.7     13   0.00    273     92  337.0  337.0  337.0
  177.1  12497  -66.5  -80.5     12   0.00    270    102  338.8  338.8  338.8
  176.0  12533  -66.7  -80.7     12   0.00    271    100  339.1  339.2  339.1
  172.0  12672  -65.7  -80.7     11   0.00    276     92  343.0  343.1  343.0
  171.0  12708  -64.9  -79.9     11   0.00    277     90  344.9  344.9  344.9
  169.0  12780  -61.9  -77.9     10   0.01    279     86  351.1  351.1  351.1
  166.0  12891  -60.9  -78.9      8   0.00    283     79  354.6  354.6  354.6
  161.0  13081  -60.7  -80.7      6   0.00    289     68  358.0  358.0  358.0
  160.4  13106  -60.8  -81.0      5   0.00    290     67  358.2  358.2  358.2
  155.0  13317  -61.9  -83.9      4   0.00    283     54  359.9  359.9  359.9
  152.7  13411  -61.4  -84.6      3   0.00    280     48  362.2  362.2  362.2
  151.0  13479  -61.1  -85.1      3   0.00    280     48  363.9  363.9  363.9
  150.0  13520  -61.1  -86.1      2   0.00    280     48  364.6  364.6  364.6
  145.0  13730  -61.3  -88.3      2   0.00    269     51  367.8  367.8  367.8
  138.4  14021  -59.1  -89.3      1   0.00    255     56  376.7  376.7  376.7
  135.0  14176  -57.9  -89.9      1   0.00    258     56  381.4  381.4  381.4
  130.0  14412  -59.9  -90.9      1   0.00    261     57  382.0  382.0  382.0
  122.0  14809  -58.7  -89.7      1   0.00    268     57  391.2  391.2  391.2
  120.0  14913  -59.5  -90.5      1   0.00    270     57  391.6  391.6  391.6
  115.0  15179  -58.7  -89.7      1   0.00    274     58  397.8  397.8  397.8
  113.9  15240  -57.7  -89.3      1   0.00    275     58  400.8  400.8  400.8
  113.0  15289  -56.9  -88.9      1   0.00    276     54  403.2  403.2  403.2
  109.0  15518  -56.1  -88.1      1   0.00    280     34  408.9  408.9  408.9
  108.5  15545  -56.3  -88.2      1   0.00    280     32  409.1  409.1  409.1
  100.0  16060  -59.5  -90.5      1   0.00    270     39  412.5  412.5  412.5
   90.5  16684  -59.5  -90.5      1   0.00    279     27  424.4  424.4  424.4
   85.7  17022  -61.9  -91.9      1   0.00    284     21  426.2  426.2  426.2
   85.1  17069  -61.7  -91.8      1   0.00    285     20  427.6  427.6  427.6
   78.4  17575  -59.5  -90.5      1   0.00    260     21  442.2  442.2  442.2
   77.1  17678  -60.1  -90.8      1   0.00    255     21  443.0  443.0  443.0
   73.8  17951  -61.7  -91.7      1   0.00    255     27  445.3  445.3  445.3
   73.4  17983  -61.6  -91.8      1   0.00    255     28  446.1  446.1  446.1
   72.0  18104  -61.3  -92.3      1   0.00    261     26  449.3  449.3  449.3
   70.0  18280  -58.1  -90.1      1   0.00    270     23  459.7  459.8  459.7
   69.9  18288  -58.0  -90.0      1   0.00    270     23  460.0  460.0  460.0
   69.7  18307  -57.9  -89.9      1   0.00    271     23  460.7  460.7  460.7
   66.6  18593  -59.1  -90.5      1   0.00    280     16  464.3  464.3  464.3
   60.4  19202  -61.5  -91.6      1   0.00    230     24  471.8  471.8  471.8
   60.0  19248  -61.7  -91.7      1   0.00    239     24  472.4  472.4  472.4
   57.6  19507  -60.0  -90.6      1   0.00    290     22  481.9  481.9  481.9
   55.8  19702  -58.7  -89.7      1   0.00    296     25  489.1  489.1  489.1
   54.8  19812  -59.1  -90.1      1   0.00    300     27  490.6  490.6  490.6
   52.2  20117  -60.4  -91.4      1   0.00    310     12  494.6  494.6  494.6
   50.7  20303  -61.1  -92.1      1   0.00    290      9  497.1  497.1  497.1
   50.0  20390  -60.7  -91.7      1   0.00    280      7  500.0  500.0  500.0
   49.7  20422  -60.6  -91.6      1   0.00    275      7  501.0  501.0  501.0
   47.4  20726  -59.6  -90.6      1   0.00    240     13  510.5  510.5  510.5
   47.2  20749  -59.5  -90.5      1   0.00    245     13  511.2  511.2  511.2
   45.1  21031  -60.3  -91.3      1   0.00    305     14  516.0  516.0  516.0
   43.0  21336  -61.1  -92.1      1   0.00    290      2  521.2  521.2  521.2
   42.5  21402  -61.3  -92.3      1   0.00    294      2  522.3  522.3  522.3
   39.9  21796  -58.5  -89.5      1   0.00    319      2  538.8  538.9  538.8
   37.3  22218  -59.1  -90.1      1   0.00    345      2  547.8  547.8  547.8
   36.2  22406  -57.5  -89.5      1   0.00    357      2  556.6  556.6  556.6
   31.6  23262  -58.5  -89.5      1   0.00     50      3  576.0  576.0  576.0
   30.7  23444  -56.7  -88.7      1   0.00     61      3  585.6  585.6  585.6
   30.0  23590  -56.9  -88.9      1   0.00     70      3  588.9  589.0  588.9
   28.1  24003  -56.7  -88.7      1   0.01    143      4  600.6  600.6  600.6
   26.4  24384  -57.8  -89.4      1   0.01    210      5  608.1  608.2  608.1
   23.9  25019  -59.5  -90.5      1   0.00    168      5  620.9  620.9  620.9
   22.1  25510  -57.1  -89.1      1   0.01    136      4  642.1  642.1  642.1
   20.0  26140  -57.1  -89.1      1   0.01     95      4  660.6  660.7  660.7
   18.3  26700  -58.1  -89.1      1   0.01     38      4  674.5  674.6  674.5
   17.2  27093  -55.5  -87.5      1   0.01    359      5  694.9  695.0  694.9
   16.3  27432  -55.9  -87.9      1   0.01    325      5  704.4  704.5  704.4
   16.2  27474  -55.9  -87.9      1   0.01                705.5  705.7  705.5


      Station information and sounding indices

                         Station identifier: MPX
                             Station number: 72649
                           Observation time: 170305/1200
                           Station latitude: 44.85
                          Station longitude: -93.56
                          Station elevation: 287.0
                            Showalter index: 3.44
                               Lifted index: 12.48
    LIFT computed using virtual temperature: 12.41
                                SWEAT index: 99.98
                                    K index: 2.90
                         Cross totals index: 19.10
                      Vertical totals index: 29.10
                        Totals totals index: 48.20
      Convective Available Potential Energy: 0.00
             CAPE using virtual temperature: 0.00
                      Convective Inhibition: 0.00
             CINS using virtual temperature: 0.00
                     Bulk Richardson Number: 0.00
          Bulk Richardson Number using CAPV: 0.00
  Temp [K] of the Lifted Condensation Level: 272.13
Pres [hPa] of the Lifted Condensation Level: 872.28
     Mean mixed layer potential temperature: 282.99
              Mean mixed layer mixing ratio: 4.11
              1000 hPa to 500 hPa thickness: 5500.00
Precipitable water [mm] for entire sounding: 11.01

Description of the data columns
<http://weather.uwyo.edu/upperair/columns.html> or sounding indices
<http://weather.uwyo.edu/upperair/indices.html>.

------------------------------------------------------------------------
/Interested in graduate studies in atmospheric science? Check out our
program at the University of Wyoming
<http://www.uwyo.edu/atsc/howtoapply/>/
------------------------------------------------------------------------
Questions about the weather data provided by this site can be addressed
to Larry Oolman (ldoolman@uwyo.edu) <mailto:ldoolman@uwyo.edu>
------------------------------------------------------------------------
